# name: debug
# type: sparse matrix
# nnz: 3600
# rows: 60
# columns: 60

1 1 -30333.3357
2 1 1261.64254
3 1 16944.0295
4 1 4525.72951
5 1 216801.847
6 1 25189.0507
7 1 -3431.18773
8 1 652.449266
9 1 -1549.25276
10 1 -3464.46572
11 1 -83306.6095
12 1 -12560.007
13 1 -616.144236
14 1 32.4981577
15 1 -183.689632
16 1 400.271577
17 1 -27651.0646
18 1 -5213.08547
19 1 -168.832666
20 1 0.393603944
21 1 -23.4401245
22 1 254.556988
23 1 -11913.5968
24 1 -1662.2184
25 1 -150.941424
26 1 1.25845541
27 1 -20.5665968
28 1 174.670614
29 1 -10522.5487
30 1 -1425.00608
31 1 -156.709814
32 1 3.75505562
33 1 -20.4919621
34 1 51.5930461
35 1 -9957.76732
36 1 -1431.12741
37 1 -107.174024
38 1 1.083725
39 1 -11.2459333
40 1 66.8331431
41 1 -7583.74407
42 1 -838.757878
43 1 -100.32406
44 1 0.375478739
45 1 -7.79064628
46 1 57.2432444
47 1 -6906.45296
48 1 -664.158914
49 1 -99.5136649
50 1 -0.430798562
51 1 -5.31972488
52 1 64.597535
53 1 -6506.33408
54 1 -570.70048
55 1 -112.303244
56 1 -0.898257513
57 1 -6.25771558
58 1 96.1640964
59 1 -6898.31723
60 1 -639.739509
1 2 1261.64254
2 2 32766.854
3 2 12421.2207
4 2 -254977.323
5 2 -4403.38308
6 2 -62657.2333
7 2 620.39991
8 2 -7100.66958
9 2 -361.642463
10 2 107707.405
11 2 2617.05659
12 2 47713.4139
13 2 22.4218268
14 2 -657.550628
15 2 -125.182398
16 2 27759.3793
17 2 -846.433482
18 2 6701.72132
19 2 -0.775959497
20 2 -168.582991
21 2 -26.1484927
22 2 11942.8634
23 2 -337.39634
24 2 1506.19303
25 2 0.805125129
26 2 -150.584151
27 2 -22.0343329
28 2 10517.8799
29 2 -206.766078
30 2 1332.55201
31 2 3.22716712
32 2 -155.595504
33 2 -23.7991419
34 2 9963.65072
35 2 -84.518527
36 2 1229.64549
37 2 1.15355078
38 2 -107.589419
39 2 -11.4623852
40 2 7599.2829
41 2 -62.0336025
42 2 781.741801
43 2 1.21249204
44 2 -100.507847
45 2 -8.95579509
46 2 6936.25777
47 2 0.238567165
48 2 541.132633
49 2 1.06064144
50 2 -99.4227898
51 2 -7.80853481
52 2 6546.57856
53 2 33.0961165
54 2 356.707055
55 2 1.88248198
56 2 -112.261569
57 2 -9.17662544
58 2 6944.64932
59 2 75.0089902
60 2 398.756748
1 3 16944.0295
2 3 12421.2207
3 3 -2529.98924
4 3 -23212.5641
5 3 43886.0762
6 3 -160.514099
7 3 -1204.3258
8 3 -269.742791
9 3 -716.746452
10 3 8739.20463
11 3 -24187.6837
12 3 84.3265533
13 3 -151.96346
14 3 -105.041127
15 3 -79.5644875
16 3 4735.46527
17 3 -5901.62962
18 3 11.3723335
19 3 -20.4886779
20 3 -22.9031985
21 3 -8.30139857
22 3 1570.36275
23 3 -1427.14818
24 3 2.10497032
25 3 -16.7074531
26 3 -17.5150336
27 3 -6.80659912
28 3 1207.30517
29 3 -1159.02747
30 3 -2.46122726
31 3 -15.3703892
32 3 -17.1435796
33 3 -6.9216704
34 3 1070.35594
35 3 -958.055128
36 3 -4.4407293
37 3 -8.54914796
38 3 -8.27676831
39 3 -3.59170867
40 3 632.670262
41 3 -617.582078
42 3 -3.89324347
43 3 -5.86782733
44 3 -6.30854031
45 3 -2.26645827
46 3 481.097364
47 3 -414.60996
48 3 -3.30316848
49 3 -3.95546626
50 3 -4.94451726
51 3 -1.35264684
52 3 372.089165
53 3 -266.608288
54 3 -4.02936211
55 3 -4.39859094
56 3 -5.48101142
57 3 -1.59209509
58 3 392.093551
59 3 -279.00957
60 3 -4.8206679
1 4 4525.72951
2 4 -254977.323
3 4 -23212.5641
4 4 13179596.7
5 4 -259799.553
6 4 1791952.14
7 4 -5648.80277
8 4 133906.49
9 4 11545.4034
10 4 -3366156.26
11 4 80939.7067
12 4 -925898.867
13 4 507.871881
14 4 31696.4058
15 4 6184.9007
16 4 -1662629.9
17 4 101695.607
18 4 -298257.708
19 4 309.538726
20 4 13379.6023
21 4 1999.36438
22 4 -984711.141
23 4 42749.2795
24 4 -114402.906
25 4 146.655853
26 4 12518.4602
27 4 1787.11022
28 4 -905060.169
29 4 30725.2436
30 4 -106418.559
31 4 -38.6582369
32 4 12796.3117
33 4 1879.04476
34 4 -854531.192
35 4 18784.6746
36 4 -95754.7361
37 4 -0.401733693
38 4 9971.39292
39 4 1110.94022
40 4 -711519.695
41 4 12858.7568
42 4 -69356.6741
43 4 -52.5835159
44 4 9403.95823
45 4 890.701036
46 4 -655871.825
47 4 4229.75105
48 4 -49444.0003
49 4 -75.3455208
50 4 9358.06887
51 4 796.160899
52 4 -623463.262
53 4 -1079.71018
54 4 -33867.7786
55 4 -151.358045
56 4 10547.7312
57 4 935.176645
58 4 -660843.332
59 4 -5019.41088
60 4 -37799.5961
1 5 216801.847
2 5 -4403.38308
3 5 43886.0762
4 5 -259799.553
5 5 12909458.1
6 5 1351983.41
7 5 -93725.9898
8 5 6165.00528
9 5 -34356.9202
10 5 61079.5265
11 5 -3244740.52
12 5 -444817.586
13 5 -31117.7777
14 5 -7.71473312
15 5 -7941.64826
16 5 74664.1185
17 5 -1668369.47
18 5 -272932.6
19 5 -13354.7211
20 5 -216.29278
21 5 -1817.14024
22 5 35873.8021
23 5 -981057.584
24 5 -125675.205
25 5 -12536.9637
26 5 -108.756397
27 5 -1678.90302
28 5 27974.2996
29 5 -905553.655
30 5 -114860.863
31 5 -12836.1413
32 5 80.6141644
33 5 -1619.32437
34 5 16078.6369
35 5 -851928.42
36 5 -113259.839
37 5 -9951.28565
38 5 -6.56563664
39 5 -1046.18274
40 5 13370.5372
41 5 -710000.542
42 5 -78372.6237
43 5 -9381.59016
44 5 -25.8915442
45 5 -734.165027
46 5 9688.50868
47 5 -651549.104
48 5 -64288.6463
49 5 -9345.26959
50 5 -64.8429466
51 5 -507.337469
52 5 8210.31494
53 5 -617068.389
54 5 -57291.2528
55 5 -10534.4691
56 5 -109.708387
57 5 -595.372102
58 5 11247.4122
59 5 -653967.228
60 5 -64216.2031
1 6 25189.0507
2 6 -62657.2333
3 6 -160.514099
4 6 1791952.14
5 6 1351983.41
6 6 775796.327
7 6 -12155.2882
8 6 47982.5145
9 6 374.510659
10 6 -750911.981
11 6 -381914.29
12 6 -454391.736
13 6 -5192.29936
14 6 6741.93036
15 6 -8.49617376
16 6 -258092.76
17 6 -240045.332
18 6 -123814.758
19 6 -1663.27715
20 6 1499.83385
21 6 -2.85376707
22 6 -100647.529
23 6 -111228.696
24 6 -39080.0286
25 6 -1384.86037
26 6 1321.87459
27 6 3.21647943
28 6 -87460.2904
29 6 -92372.2949
30 6 -34666.6331
31 6 -1388.85844
32 6 1239.79236
33 6 6.51607149
34 6 -73417.656
35 6 -83450.5797
36 6 -31809.004
37 6 -804.006145
38 6 798.286914
39 6 5.81910052
40 6 -53040.5905
41 6 -56922.0431
42 6 -22398.2876
43 6 -635.043321
44 6 562.091778
45 6 4.88787219
46 6 -37469.6238
47 6 -45613.124
48 6 -14920.4078
49 6 -511.927265
50 6 381.573004
51 6 5.8416606
52 6 -25339.2169
53 6 -36952.9893
54 6 -9456.84793
55 6 -573.436529
56 6 428.584533
57 6 7.48091896
58 6 -26726.9598
59 6 -39160.1594
60 6 -10603.6558
1 7 -3431.18773
2 7 620.39991
3 7 -1204.3258
4 7 -5648.80277
5 7 -93725.9898
6 7 -12155.2882
7 7 18090.1543
8 7 -4296.88575
9 7 487.496623
10 7 29022.3117
11 7 377179.806
12 7 21465.5638
13 7 -12198.1114
14 7 4146.2555
15 7 1497.0104
16 7 -22850.1398
17 7 -140588.708
18 7 4172.08311
19 7 -689.950226
20 7 -372.641581
21 7 -30.1256854
22 7 3820.35783
23 7 -24185.3168
24 7 -4437.75298
25 7 -323.712057
26 7 2.02498507
27 7 -2.28663346
28 7 208.039792
29 7 -15449.7593
30 7 -1666.43585
31 7 -306.176434
32 7 -9.61341415
33 7 -0.368702928
34 7 314.230085
35 7 -13821.6268
36 7 -1701.9705
37 7 -133.03653
38 7 0.534680829
39 7 -12.3767374
40 7 118.98762
41 7 -9360.95521
42 7 -940.773033
43 7 -126.536061
44 7 -0.147273655
45 7 -8.44355818
46 7 100.47017
47 7 -8643.11448
48 7 -750.704094
49 7 -127.624759
50 7 -0.966475499
51 7 -5.58984387
52 7 102.006468
53 7 -8258.91331
54 7 -656.321434
55 7 -144.397637
56 7 -1.67945485
57 7 -6.56424432
58 7 146.579446
59 7 -8768.892
60 7 -735.516122
1 8 652.449266
2 8 -7100.66958
3 8 -269.742791
4 8 133906.49
5 8 6165.00528
6 8 47982.5145
7 8 -4296.88575
8 8 23949.6314
9 8 509.612793
10 8 -420994.306
11 8 -29048.3388
12 8 -35037.6509
13 8 3991.20614
14 8 -13286.9598
15 8 245.922136
16 8 140604.638
17 8 21338.7638
18 8 -16857.1094
19 8 -381.047733
20 8 -1594.01137
21 8 -86.9047449
22 8 31552.4787
23 8 -3908.14802
24 8 -1355.47371
25 8 1.85692751
26 8 -312.179875
27 8 -28.4997464
28 8 15175.0611
29 8 -200.528957
30 8 1097.55449
31 8 -7.66863183
32 8 -427.726327
33 8 -33.1180737
34 8 15581.1738
35 8 -271.403016
36 8 659.398753
37 8 1.21425984
38 8 -133.404651
39 8 -12.9720975
40 8 9373.40149
41 8 -71.5937991
42 8 846.172793
43 8 1.46380981
44 8 -126.720888
45 8 -10.1745753
46 8 8677.19066
47 8 9.25534214
48 8 579.162926
49 8 1.51136159
50 8 -127.585834
51 8 -8.98402468
52 8 8311.3262
53 8 58.3632211
54 8 374.127932
55 8 2.54831451
56 8 -144.425982
57 8 -10.5731125
58 8 8830.32492
59 8 110.245369
60 8 417.105273
1 9 -1549.25276
2 9 -361.642463
3 9 -716.746452
4 9 11545.4034
5 9 -34356.9202
6 9 374.510659
7 9 487.496623
8 9 509.612793
9 9 1838.62942
10 9 -31848.5012
11 9 35953.1796
12 9 26.0270628
13 9 1089.78848
14 9 -21.9863922
15 9 -937.536432
16 9 10325.2081
17 9 -1523.40069
18 9 -270.835546
19 9 -38.0005877
20 9 -85.0078012
21 9 -38.9639843
22 9 3229.02189
23 9 -2660.01603
24 9 -51.2932133
25 9 -6.01511482
26 9 -24.7772379
27 9 -10.2434627
28 9 1554.83844
29 9 -1087.86911
30 9 1.21102238
31 9 -7.56618978
32 9 -25.8333817
33 9 -10.8292075
34 9 1412.21448
35 9 -978.836883
36 9 -6.82998357
37 9 -9.97653722
38 9 -10.4116612
39 9 -4.28207041
40 9 794.378106
41 9 -720.91718
42 9 -1.32794706
43 9 -6.80154019
44 9 -8.06330524
45 9 -2.70254025
46 9 612.787329
47 9 -480.631414
48 9 -1.8096666
49 9 -4.53038928
50 9 -6.46555761
51 9 -1.61545288
52 9 483.201939
53 9 -305.213376
54 9 -3.53113954
55 9 -5.04272238
56 9 -7.18868401
57 9 -1.90540448
58 9 510.298381
59 9 -319.685366
60 9 -4.32349128
1 10 -3464.46572
2 10 107707.405
3 10 8739.20463
4 10 -3366156.26
5 10 61079.5265
6 10 -750911.981
7 10 29022.3117
8 10 -420994.306
9 10 -31848.5012
10 10 16031842.4
11 10 -233054.959
12 10 1412891.98
13 10 -31531.9969
14 10 172822.239
15 10 8637.41828
16 10 -3327036.12
17 10 5164.6488
18 10 -172547.621
19 10 5828.32439
20 10 39517.129
21 10 3812.63522
22 10 -1509208.41
23 10 109347.777
24 10 -107367.408
25 10 148.237032
26 10 18226.7682
27 10 2040.41213
28 10 -1115037.15
29 10 33212.6576
30 10 -100595.122
31 10 342.134103
32 10 21914.1333
33 10 2236.01486
34 10 -1097555.96
35 10 27952.9784
36 10 -79622.835
37 10 18.4213923
38 10 11833.0326
39 10 1216.38754
40 10 -841284.259
41 10 14836.933
42 10 -71826.3055
43 10 -58.1557609
44 10 11329.317
45 10 979.894753
46 10 -785494.784
47 10 4269.63156
48 10 -50712.7997
49 10 -104.770172
50 10 11455.7685
51 10 886.6503
52 10 -756762.059
53 10 -2746.85931
54 10 -34147.4825
55 10 -195.426676
56 10 12941.9023
57 10 1043.05581
58 10 -803304.534
59 10 -7371.01757
60 10 -38012.1164
1 11 -83306.6095
2 11 2617.05659
3 11 -24187.6837
4 11 80939.7067
5 11 -3244740.52
6 11 -381914.29
7 11 377179.806
8 11 -29048.3388
9 11 35953.1796
10 11 -233054.959
11 11 16000230.7
12 11 1509331.24
13 11 -169026.013
14 11 33810.1119
15 11 4685.87009
16 11 -35697.3773
17 11 -3534836.2
18 11 -283104.259
19 11 -27495.9251
20 11 -5590.16638
21 11 -2942.04897
22 11 104456.161
23 11 -1426162.1
24 11 -192570.433
25 11 -18593.2613
26 11 -155.368479
27 11 -1171.02257
28 11 34300.2689
29 11 -1123055.37
30 11 -124849.53
31 11 -18315.2387
32 11 -405.28812
33 11 -1063.45591
34 11 29910.362
35 11 -1041359.1
36 11 -124270.396
37 11 -11812.7754
38 11 -79.3189379
39 11 -1108.2975
40 11 19141.5097
41 11 -839454.58
42 11 -84670.7717
43 11 -11298.6647
44 11 -85.932532
45 11 -766.232089
46 11 14207.5874
47 11 -780077.838
48 11 -70127.8037
49 11 -11426.2848
50 11 -117.084288
51 11 -513.883026
52 11 11809.3663
53 11 -748427.341
54 11 -63619.8752
55 11 -12908.755
56 11 -182.547115
57 11 -602.141581
58 11 15925.131
59 11 -794147.209
60 11 -71290.8179
1 12 -12560.007
2 12 47713.4139
3 12 84.3265533
4 12 -925898.867
5 12 -444817.586
6 12 -454391.736
7 12 21465.5638
8 12 -35037.6509
9 12 26.0270628
10 12 1412891.98
11 12 1509331.24
12 12 1124812.37
13 12 2967.48636
14 12 -16601.7449
15 12 -99.30296
16 12 -217783.898
17 12 -314468.49
18 12 -357658.09
19 12 -4622.82994
20 12 -1399.614
21 12 -57.1403082
22 12 -113763.656
23 12 -178544.965
24 12 -83020.5911
25 12 -1710.87087
26 12 1097.24933
27 12 0.675719822
28 12 -89582.6367
29 12 -110438.149
30 12 -40220.4281
31 12 -1738.74358
32 12 701.763522
33 12 0.481362762
34 12 -71613.2265
35 12 -100367.468
36 12 -38090.9522
37 12 -956.887925
38 12 878.08218
39 12 2.70153877
40 12 -58275.2377
41 12 -68130.8858
42 12 -25145.7537
43 12 -770.130255
44 12 617.057873
45 12 2.9544168
46 12 -41092.1521
47 12 -55501.9819
48 12 -16846.268
49 12 -637.868407
50 12 417.874079
51 12 4.97764132
52 12 -27730.0706
53 12 -45966.5905
54 12 -10834.0411
55 12 -714.362021
56 12 469.070485
57 12 6.5515548
58 12 -29228.9137
59 12 -48694.271
60 12 -12147.3428
1 13 -616.144236
2 13 22.4218268
3 13 -151.96346
4 13 507.871881
5 13 -31117.7777
6 13 -5192.29936
7 13 -12198.1114
8 13 3991.20614
9 13 1089.78848
10 13 -31531.9969
11 13 -169026.013
12 13 2967.48636
13 13 18428.9539
14 13 -3977.84639
15 13 -1439.84353
16 13 19527.2794
17 13 360973.879
18 13 12574.037
19 13 -3019.67089
20 13 -269.052339
21 13 236.979823
22 13 2903.07273
23 13 -61499.5992
24 13 -4091.2008
25 13 -1028.37864
26 13 75.5232741
27 13 51.548489
28 13 -414.623324
29 13 -26230.7211
30 13 -1018.03762
31 13 -401.453806
32 13 -14.7864347
33 13 0.90844124
34 13 555.426993
35 13 -17087.2558
36 13 -2019.76654
37 13 -183.06915
38 13 -0.246233483
39 13 -19.3598467
40 13 226.66494
41 13 -11765.8489
42 13 -1209.78294
43 13 -180.023418
44 13 0.426607452
45 13 -15.7001126
46 13 154.691092
47 13 -11054.1766
48 13 -1037.99078
49 13 -188.220384
50 13 3.13098271
51 13 -13.500835
52 13 45.9242147
53 13 -10732.0228
54 13 -1007.082
55 13 -174.08008
56 13 -3.33713995
57 13 -10.3723263
58 13 241.159994
59 13 -10163.4671
60 13 -775.168884
1 14 32.4981577
2 14 -657.550628
3 14 -105.041127
4 14 31696.4058
5 14 -7.71473312
6 14 6741.93036
7 14 4146.2555
8 14 -13286.9598
9 14 -21.9863922
10 14 172822.239
11 14 33810.1119
12 14 -16601.7449
13 14 -3977.84639
14 14 20299.6589
15 14 90.4771646
16 14 -368419.622
17 14 -19717.3418
18 14 5365.89688
19 14 -236.683083
20 14 -3520.40981
21 14 -160.65635
22 14 63583.4237
23 14 -2307.97978
24 14 -129.351156
25 14 91.9710669
26 14 -993.793353
27 14 20.7850704
28 14 25673.5723
29 14 797.463289
30 14 452.305234
31 14 -7.04615839
32 14 -524.232066
33 14 -41.740411
34 14 18848.6205
35 14 -287.47651
36 14 858.796672
37 14 2.93404196
38 14 -182.950723
39 14 -19.1649937
40 14 11757.7235
41 14 -22.9677793
42 14 1165.61628
43 14 4.88271562
44 14 -179.239763
45 14 -16.7013793
46 14 11060.4988
47 14 119.75494
48 14 911.597426
49 14 8.78482113
50 14 -185.758148
51 14 -16.3819768
52 14 10727.4003
53 14 283.27983
54 14 756.1097
55 14 3.88479568
56 14 -175.65306
57 14 -11.2635128
58 14 10270.933
59 14 181.054104
60 14 590.748378
1 15 -183.689632
2 15 -125.182398
3 15 -79.5644875
4 15 6184.9007
5 15 -7941.64826
6 15 -8.49617376
7 15 1497.0104
8 15 245.922136
9 15 -937.536432
10 15 8637.41828
11 15 4685.87009
12 15 -99.30296
13 15 -1439.84353
14 15 90.4771646
15 15 1581.05509
16 15 -26248.8987
17 15 13343.0978
18 15 190.062331
19 15 162.557943
20 15 -131.780194
21 15 -233.264848
22 15 3568.30966
23 15 -2190.98771
24 15 -28.3598553
25 15 26.6791495
26 15 5.62441871
27 15 -19.7586991
28 15 1362.90894
29 15 -912.357707
30 15 -6.44707701
31 15 -8.25095629
32 15 -30.6587406
33 15 -14.1377426
34 15 1655.81693
35 15 -1222.60922
36 15 -11.8894471
37 15 -15.3660773
38 15 -14.3598877
39 15 -6.06527863
40 15 968.652018
41 15 -987.423327
42 15 -7.57085495
43 15 -12.0483281
44 15 -11.915292
45 15 -4.46612455
46 15 767.585277
47 15 -720.167646
48 15 -6.6857559
49 15 -9.76856051
50 15 -10.1295254
51 15 -3.4799659
52 15 612.956838
53 15 -520.311279
54 15 -8.62278324
55 15 -7.57639083
56 15 -6.94241741
57 15 -2.34012862
58 15 501.384332
59 15 -433.795879
60 15 -7.5366409
1 16 400.271577
2 16 27759.3793
3 16 4735.46527
4 16 -1662629.9
5 16 74664.1185
6 16 -258092.76
7 16 -22850.1398
8 16 140604.638
9 16 10325.2081
10 16 -3327036.12
11 16 -35697.3773
12 16 -217783.898
13 16 19527.2794
14 16 -368419.622
15 16 -26248.8987
16 16 15585660.2
17 16 -317753.861
18 16 1145794.22
19 16 3054.04028
20 16 72461.9727
21 16 4244.60876
22 16 -2321757.52
23 16 84063.6271
24 16 -169789.725
25 16 -1542.3686
26 16 32975.2216
27 16 1231.8602
28 16 -1402219.35
29 16 15548.2344
30 16 -97930.138
31 16 323.486128
32 16 25316.6623
33 16 2623.18455
34 16 -1247278.43
35 16 29024.3952
36 16 -95160.7333
37 16 -68.3226424
38 16 14676.5207
39 16 1561.57692
40 16 -976762.368
41 16 11918.1986
42 16 -90002.2052
43 16 -243.588029
44 16 14362.2208
45 16 1345.61434
46 16 -921955.581
47 16 -2359.90321
48 16 -69986.6347
49 16 -508.523278
50 16 14833.765
51 16 1302.98472
52 16 -896049.5
53 16 -16019.4972
54 16 -56557.7419
55 16 -298.95574
56 16 14842.169
57 16 1078.71857
58 16 -888613.596
59 16 -13040.2359
60 16 -49244.3176
1 17 -27651.0646
2 17 -846.433482
3 17 -5901.62962
4 17 101695.607
5 17 -1668369.47
6 17 -240045.332
7 17 -140588.708
8 17 21338.7638
9 17 -1523.40069
10 17 5164.6488
11 17 -3534836.2
12 17 -314468.49
13 17 360973.879
14 17 -19717.3418
15 17 13343.0978
16 17 -317753.861
17 17 15747940.4
18 17 1333505.3
19 17 -68722.7782
20 17 -3675.50066
21 17 -1229.12198
22 17 105067.759
23 17 -2344882.49
24 17 -189605.221
25 17 -33786.64
26 17 1042.00835
27 17 -348.446809
28 17 35079.3028
29 17 -1417087.91
30 17 -118844.917
31 17 -22012.2641
32 17 -679.05842
33 17 -1297.07232
34 17 46150.7801
35 17 -1196773.42
36 17 -138538.527
37 17 -14700.2944
38 17 -186.614977
39 17 -1526.66765
40 17 28880.9858
41 17 -977552.965
42 17 -98862.2937
43 17 -14391.9153
44 17 -113.624647
45 17 -1202.53202
46 17 20542.7512
47 17 -918906.351
48 17 -85527.9555
49 17 -14933.4857
50 17 52.6917296
51 17 -992.220544
52 17 11670.7416
53 17 -891051.622
54 17 -82690.1183
55 17 -14722.9252
56 17 -312.26643
57 17 -854.448971
58 17 23489.4975
59 17 -877185.691
60 17 -73191.3605
1 18 -5213.08547
2 18 6701.72132
3 18 11.3723335
4 18 -298257.708
5 18 -272932.6
6 18 -123814.758
7 18 4172.08311
8 18 -16857.1094
9 18 -270.835546
10 18 -172547.621
11 18 -283104.259
12 18 -357658.09
13 18 12574.037
14 18 5365.89688
15 18 190.062331
16 18 1145794.22
17 18 1333505.3
18 18 794811.302
19 18 -4148.71576
20 18 -207.866539
21 18 -22.9998342
22 18 -168019.23
23 18 -180808.862
24 18 -114751.601
25 18 -953.154144
26 18 443.167691
27 18 3.46116602
28 18 -93387.0652
29 18 -107146.946
30 18 -46876.655
31 18 -1953.03878
32 18 889.654032
33 18 6.27532663
34 18 -85523.29
35 18 -109076.588
36 18 -43092.5088
37 18 -1161.66553
38 18 1192.76011
39 18 9.95461082
40 18 -72966.1275
41 18 -75652.9122
42 18 -29514.844
43 18 -996.448305
44 18 948.837586
45 18 9.21003576
46 18 -55395.0352
47 18 -63117.5606
48 18 -21208.8383
49 18 -915.530683
50 18 802.546623
51 18 13.1556383
52 18 -42466.8076
53 18 -54173.1462
54 18 -15771.9661
55 18 -677.862334
56 18 643.20547
57 18 11.2591837
58 18 -36788.4838
59 18 -46726.4134
60 18 -13359.937
1 19 -168.832666
2 19 -0.775959497
3 19 -20.4886779
4 19 309.538726
5 19 -13354.7211
6 19 -1663.27715
7 19 -689.950226
8 19 -381.047733
9 19 -38.0005877
10 19 5828.32439
11 19 -27495.9251
12 19 -4622.82994
13 19 -3019.67089
14 19 -236.683083
15 19 162.557943
16 19 3054.04028
17 19 -68722.7782
18 19 -4148.71576
19 19 8837.20271
20 19 549.611313
21 19 345.647332
22 19 -6683.38563
23 19 299248.826
24 19 25732.8751
25 19 -2473.81065
26 19 64.6367579
27 19 -520.698344
28 19 1175.11572
29 19 -59396.604
30 19 -4883.49028
31 19 -644.500048
32 19 -24.0244384
33 19 -30.8793511
34 19 1067.49256
35 19 -25537.2999
36 19 -2928.31326
37 19 -334.302621
38 19 14.1088619
39 19 -54.5224105
40 19 48.7834705
41 19 -17982.8982
42 19 -2179.46746
43 19 -296.304309
44 19 47.3062617
45 19 -27.1220101
46 19 -810.994482
47 19 -16050.6605
48 19 -2135.08277
49 19 -290.609194
50 19 6.14024947
51 19 -26.0255544
52 19 -11.9737624
53 19 -15323.649
54 19 -1606.78697
55 19 -238.216728
56 19 -4.95931265
57 19 -17.698331
58 19 287.639034
59 19 -13295.4493
60 19 -1011.30113
1 20 0.393603944
2 20 -168.582991
3 20 -22.9031985
4 20 13379.6023
5 20 -216.29278
6 20 1499.83385
7 20 -372.641581
8 20 -1594.01137
9 20 -85.0078012
10 20 39517.129
11 20 -5590.16638
12 20 -1399.614
13 20 -269.052339
14 20 -3520.40981
15 20 -131.780194
16 20 72461.9727
17 20 -3675.50066
18 20 -207.866539
19 20 549.611313
20 20 11641.5767
21 20 531.3347
22 20 -327964.924
23 20 6681.89147
24 20 -28645.6337
25 20 72.15306
26 20 -3616.51063
27 20 -110.313709
28 20 67546.3558
29 20 -1092.22476
30 20 18901.887
31 20 -21.31123
32 20 -743.221443
33 20 -71.7082623
34 20 26416.6057
35 20 -952.501395
36 20 1778.22995
37 20 16.7687177
38 20 -353.415382
39 20 -41.8842437
40 20 18229.3668
41 20 93.8007651
42 20 2509.87404
43 20 52.3209264
44 20 -363.523966
45 20 -28.3549529
46 20 17491.6568
47 20 1060.19663
48 20 2513.05248
49 20 12.3318079
50 20 -288.454783
51 20 -28.5146998
52 20 15358.6858
53 20 344.915918
54 20 1244.70924
55 20 2.77056055
56 20 -248.498179
57 20 -14.5608379
58 20 13651.3459
59 20 143.954412
60 20 864.315189
1 21 -23.4401245
2 21 -26.1484927
3 21 -8.30139857
4 21 1999.36438
5 21 -1817.14024
6 21 -2.85376707
7 21 -30.1256854
8 21 -86.9047449
9 21 -38.9639843
10 21 3812.63522
11 21 -2942.04897
12 21 -57.1403082
13 21 236.979823
14 21 -160.65635
15 21 -233.264848
16 21 4244.60876
17 21 -1229.12198
18 21 -22.9998342
19 21 345.647332
20 21 531.3347
21 21 790.737507
22 21 -25066.772
23 21 28044.1989
24 21 1.49415408
25 21 -394.715427
26 21 -94.5352998
27 21 -317.586359
28 21 5139.9149
29 21 -10695.7067
30 21 35.5758857
31 21 -34.497796
32 21 -54.3741865
33 21 -31.6632799
34 21 2623.83105
35 21 -2383.30573
36 21 -20.2789781
37 21 -39.988783
38 21 -30.0876491
39 21 -17.6677828
40 21 1631.05142
41 21 -1841.1558
42 21 -13.1228152
43 21 -21.0733482
44 21 -20.0156683
45 21 -7.81730399
46 21 1185.10472
47 21 -1089.77905
48 21 -8.00174378
49 21 -18.6225783
50 21 -18.071723
51 21 -6.80092981
52 21 1005.96166
53 21 -848.415258
54 21 -14.3974495
55 21 -12.3429159
56 21 -9.26770968
57 21 -3.73920468
58 21 688.873344
59 21 -594.818966
60 21 -9.88041857
1 22 254.556988
2 22 11942.8634
3 22 1570.36275
4 22 -984711.141
5 22 35873.8021
6 22 -100647.529
7 22 3820.35783
8 22 31552.4787
9 22 3229.02189
10 22 -1509208.41
11 22 104456.161
12 22 -113763.656
13 22 2903.07273
14 22 63583.4237
15 22 3568.30966
16 22 -2321757.52
17 22 105067.759
18 22 -168019.23
19 22 -6683.38563
20 22 -327964.924
21 22 -25066.772
22 22 16639797.8
23 22 -385206.091
24 22 1468365.59
25 22 279.526199
26 22 84948.6389
27 22 6311.27784
28 22 -2555663.7
29 22 120044.796
30 22 -485812.288
31 22 1065.71434
32 22 33691.1635
33 22 3969.1481
34 22 -1623629.19
35 22 64844.1253
36 22 -136638.368
37 22 -423.499578
38 22 22972.9977
39 22 2691.99604
40 22 -1340723.79
41 22 15147.438
42 22 -144158.277
43 22 -1959.29845
44 22 23284.1033
45 22 2040.0061
46 22 -1286762.06
47 22 -33911.0432
48 22 -134270.766
49 22 -634.539972
50 22 20994.9127
51 22 2065.38052
52 22 -1200309.53
53 22 -16886.4394
54 22 -80540.3769
55 22 -223.988657
56 22 19491.8595
57 22 1383.63281
58 22 -1129395.83
59 22 -10430.9825
60 22 -61989.3982
1 23 -11913.5968
2 23 -337.39634
3 23 -1427.14818
4 23 42749.2795
5 23 -981057.584
6 23 -111228.696
7 23 -24185.3168
8 23 -3908.14802
9 23 -2660.01603
10 23 109347.777
11 23 -1426162.1
12 23 -178544.965
13 23 -61499.5992
14 23 -2307.97978
15 23 -2190.98771
16 23 84063.6271
17 23 -2344882.49
18 23 -180808.862
19 23 299248.826
20 23 6681.89147
21 23 28044.1989
22 23 -385206.091
23 23 16359482.2
24 23 1450774.2
25 23 -70139.8402
26 23 -571.207509
27 23 -15163.6949
28 23 128349.698
29 23 -2519428.1
30 23 -265949.704
31 23 -31753.2093
32 23 -1195.48497
33 23 -2979.35191
34 23 72018.5885
35 23 -1614299.05
36 23 -183608.758
37 23 -22428.0841
38 23 241.794711
39 23 -3076.26792
40 23 26058.1801
41 23 -1334886.09
42 23 -148962.147
43 23 -20794.1255
44 23 1614.59081
45 23 -1794.79715
46 23 -14459.4433
47 23 -1228747.88
48 23 -141305.021
49 23 -21060.8497
50 23 178.719212
51 23 -1649.80208
52 23 9414.39311
53 23 -1190516.73
54 23 -122479.33
55 23 -18916.7529
56 23 -391.458743
57 23 -1228.12271
58 23 25578.1648
59 23 -1102650.23
60 23 -95039.5673
1 24 -1662.2184
2 24 1506.19303
3 24 2.10497032
4 24 -114402.906
5 24 -125675.205
6 24 -39080.0286
7 24 -4437.75298
8 24 -1355.47371
9 24 -51.2932133
10 24 -107367.408
11 24 -192570.433
12 24 -83020.5911
13 24 -4091.2008
14 24 -129.351156
15 24 -28.3598553
16 24 -169789.725
17 24 -189605.221
18 24 -114751.601
19 24 25732.8751
20 24 -28645.6337
21 24 1.49415408
22 24 1468365.59
23 24 1450774.2
24 24 715087.367
25 24 -4741.1855
26 24 18931.1875
27 24 144.315901
28 24 -393789.218
29 24 -233915.461
30 24 -236669.358
31 24 -2830.68856
32 24 1851.35165
33 24 12.4299394
34 24 -121872.666
35 24 -148440.768
36 24 -60867.1508
37 24 -2110.09174
38 24 2573.84561
39 24 20.7647782
40 24 -113561.079
41 24 -114138.104
42 24 -49438.2791
43 24 -2091.85705
44 24 2593.31388
45 24 26.7878552
46 24 -98194.6271
47 24 -102956.409
48 24 -44066.359
49 24 -1479.49786
50 24 1326.1528
51 24 21.5412393
52 24 -60527.1191
53 24 -82519.7296
54 24 -24524.3288
55 24 -885.673954
56 24 949.039199
57 24 16.0626141
58 24 -46203.6606
59 24 -63149.4358
60 24 -18183.7062
1 25 -150.941424
2 25 0.805125129
3 25 -16.7074531
4 25 146.655853
5 25 -12536.9637
6 25 -1384.86037
7 25 -323.712057
8 25 1.85692751
9 25 -6.01511482
10 25 148.237032
11 25 -18593.2613
12 25 -1710.87087
13 25 -1028.37864
14 25 91.9710669
15 25 26.6791495
16 25 -1542.3686
17 25 -33786.64
18 25 -953.154144
19 25 -2473.81065
20 25 72.15306
21 25 -394.715427
22 25 279.526199
23 25 -70139.8402
24 25 -4741.1855
25 25 8595.06922
26 25 -624.694139
27 25 775.230768
28 25 4734.31402
29 25 306636.433
30 25 28507.4182
31 25 -2344.87441
32 25 374.433674
33 25 -79.0131824
34 25 -1772.95226
35 25 -63968.4017
36 25 -7752.50018
37 25 -626.747015
38 25 45.9201418
39 25 -151.219228
40 25 24.360149
41 25 -29173.1301
42 25 -4613.57972
43 25 -400.575658
44 25 41.6278116
45 25 -56.9460234
46 25 -503.313023
47 25 -20539.621
48 25 -2728.06643
49 25 -354.62035
50 25 4.20500306
51 25 -33.3305511
52 25 102.280971
53 25 -18672.3891
54 25 -2034.59338
55 25 -289.972581
56 25 -5.22306579
57 25 -22.2691744
58 25 324.977466
59 25 -16173.6347
60 25 -1321.67176
1 26 1.25845541
2 26 -150.584151
3 26 -17.5150336
4 26 12518.4602
5 26 -108.756397
6 26 1321.87459
7 26 2.02498507
8 26 -312.179875
9 26 -24.7772379
10 26 18226.7682
11 26 -155.368479
12 26 1097.24933
13 26 75.5232741
14 26 -993.793353
15 26 5.62441871
16 26 32975.2216
17 26 1042.00835
18 26 443.167691
19 26 64.6367579
20 26 -3616.51063
21 26 -94.5352998
22 26 84948.6389
23 26 -571.207509
24 26 18931.1875
25 26 -624.694139
26 26 12234.177
27 26 495.329554
28 26 -347347.387
29 26 -4619.16912
30 26 -39739.4113
31 26 374.590975
32 26 -4699.14064
33 26 -218.116221
34 26 81329.6606
35 26 1776.91614
36 26 4472.34079
37 26 48.7108348
38 26 -684.150297
39 26 -103.812403
40 26 29696.0792
41 26 91.9163762
42 26 6101.45798
43 26 47.0521549
44 26 -460.591293
45 26 -47.6573516
46 26 21688.9668
47 26 752.126357
48 26 3166.43975
49 26 10.6122669
50 26 -353.018074
51 26 -37.7364225
52 26 18778.7404
53 26 238.009105
54 26 1518.43112
55 26 3.01173203
56 26 -299.297206
57 26 -19.1328614
58 26 16534.7591
59 26 135.152978
60 26 1060.00662
1 27 -20.5665968
2 27 -22.0343329
3 27 -6.80659912
4 27 1787.11022
5 27 -1678.90302
6 27 3.21647943
7 27 -2.28663346
8 27 -28.4997464
9 27 -10.2434627
10 27 2040.41213
11 27 -1171.02257
12 27 0.675719822
13 27 51.548489
14 27 20.7850704
15 27 -19.7586991
16 27 1231.8602
17 27 -348.446809
18 27 3.46116602
19 27 -520.698344
20 27 -110.313709
21 27 -317.586359
22 27 6311.27784
23 27 -15163.6949
24 27 144.315901
25 27 775.230768
26 27 495.329554
27 27 881.840823
28 27 -30117.1672
29 27 33297.653
30 27 -115.144899
31 27 -100.789384
32 27 -189.84296
33 27 -295.394924
34 27 7605.44749
35 27 -5128.9344
36 27 -21.6970106
37 27 -117.876728
38 27 -81.970921
39 27 -60.579589
40 27 3766.61194
41 27 -4734.71037
42 27 -5.45149625
43 27 -43.506029
44 27 -37.311443
45 27 -20.0285977
46 27 1929.47405
47 27 -1868.73236
48 27 -0.930444996
49 27 -25.7948797
50 27 -27.4608573
51 27 -9.82604949
52 27 1507.33692
53 27 -1170.12713
54 27 -13.7190289
55 27 -16.7440908
56 27 -14.2499694
57 27 -5.2528752
58 27 1031.35461
59 27 -806.654444
60 27 -9.47575185
1 28 174.670614
2 28 10517.8799
3 28 1207.30517
4 28 -905060.169
5 28 27974.2996
6 28 -87460.2904
7 28 208.039792
8 28 15175.0611
9 28 1554.83844
10 28 -1115037.15
11 28 34300.2689
12 28 -89582.6367
13 28 -414.623324
14 28 25673.5723
15 28 1362.90894
16 28 -1402219.35
17 28 35079.3028
18 28 -93387.0652
19 28 1175.11572
20 28 67546.3558
21 28 5139.9149
22 28 -2555663.7
23 28 128349.698
24 28 -393789.218
25 28 4734.31402
26 28 -347347.387
27 28 -30117.1672
28 28 17255293.9
29 28 -291628.988
30 28 1477815.95
31 28 -3958.72668
32 28 104967.094
33 28 9555.11522
34 28 -3370429.37
35 28 38130.0346
36 28 -156166.632
37 28 -732.548969
38 28 35562.4661
39 28 5381.46181
40 28 -1867476.36
41 28 53283.0546
42 28 -284330.682
43 28 -1362.57366
44 28 26790.1991
45 28 2859.54992
46 28 -1477065.56
47 28 -9946.89272
48 28 -151817.5
49 28 -439.397678
50 28 23971.5553
51 28 2548.49299
52 28 -1377678.41
53 28 -6786.0579
54 28 -91453.4751
55 28 -203.260589
56 28 22117.1243
57 28 1725.84873
58 28 -1293386.49
59 28 -7317.97739
60 28 -71430.2073
1 29 -10522.5487
2 29 -206.766078
3 29 -1159.02747
4 29 30725.2436
5 29 -905553.655
6 29 -92372.2949
7 29 -15449.7593
8 29 -200.528957
9 29 -1087.86911
10 29 33212.6576
11 29 -1123055.37
12 29 -110438.149
13 29 -26230.7211
14 29 797.463289
15 29 -912.357707
16 29 15548.2344
17 29 -1417087.91
18 29 -107146.946
19 29 -59396.604
20 29 -1092.22476
21 29 -10695.7067
22 29 120044.796
23 29 -2519428.1
24 29 -233915.461
25 29 306636.433
26 29 -4619.16912
27 29 33297.653
28 29 -291628.988
29 29 16895696.5
30 29 1722699.55
31 29 -74552.0325
32 29 3958.37217
33 29 -5858.61778
34 29 39023.639
35 29 -3229401.11
36 29 -410483.991
37 29 -34367.6598
38 29 578.737004
39 29 -7003.21779
40 29 61096.0462
41 29 -1872260.74
42 29 -254447.941
43 29 -24935.2769
44 29 1037.79739
45 29 -2910.43205
46 29 7448.68029
47 29 -1434010.21
48 29 -166259.058
49 29 -23948.7118
50 29 3.22183231
51 29 -1952.12363
52 29 18253.4789
53 29 -1359333.56
54 29 -145980.314
55 29 -21607.0285
56 29 -412.726344
57 29 -1442.46034
58 29 28886.6862
59 29 -1263134.88
60 29 -117070.917
1 30 -1425.00608
2 30 1332.55201
3 30 -2.46122726
4 30 -106418.559
5 30 -114860.863
6 30 -34666.6331
7 30 -1666.43585
8 30 1097.55449
9 30 1.21102238
10 30 -100595.122
11 30 -124849.53
12 30 -40220.4281
13 30 -1018.03762
14 30 452.305234
15 30 -6.44707701
16 30 -97930.138
17 30 -118844.917
18 30 -46876.655
19 30 -4883.49028
20 30 18901.887
21 30 35.5758857
22 30 -485812.288
23 30 -265949.704
24 30 -236669.358
25 30 28507.4182
26 30 -39739.4113
27 30 -115.144899
28 30 1477815.95
29 30 1722699.55
30 30 931254.954
31 30 -7834.42267
32 30 4873.87916
33 30 21.7290817
34 30 -142159.017
35 30 -371681.683
36 30 -282065.109
37 30 -4647.9223
38 30 6224.08423
39 30 21.4806776
40 30 -236794.14
41 30 -214383.737
42 30 -115310.376
43 30 -2772.68482
44 30 3275.61085
45 30 18.6025738
46 30 -122025.991
47 30 -136784.399
48 30 -56235.288
49 30 -1976.01628
50 30 1623.52694
51 30 19.0393093
52 30 -74759.0336
53 30 -111362.771
54 30 -31471.1356
55 30 -1257.94738
56 30 1164.83667
57 30 14.4509216
58 30 -57378.7372
59 30 -87874.927
60 30 -23798.0623
1 31 -156.709814
2 31 3.22716712
3 31 -15.3703892
4 31 -38.6582369
5 31 -12836.1413
6 31 -1388.85844
7 31 -306.176434
8 31 -7.66863183
9 31 -7.56618978
10 31 342.134103
11 31 -18315.2387
12 31 -1738.74358
13 31 -401.453806
14 31 -7.04615839
15 31 -8.25095629
16 31 323.486128
17 31 -22012.2641
18 31 -1953.03878
19 31 -644.500048
20 31 -21.31123
21 31 -34.497796
22 31 1065.71434
23 31 -31753.2093
24 31 -2830.68856
25 31 -2344.87441
26 31 374.590975
27 31 -100.789384
28 31 -3958.72668
29 31 -74552.0325
30 31 -7834.42267
31 31 13626.6165
32 31 -1362.74218
33 31 -222.320389
34 31 9389.24699
35 31 412843.249
36 31 42885.586
37 31 -7981.93729
38 31 45.8196869
39 31 1357.98754
40 31 1927.15507
41 31 -136736.966
42 31 -17378.6213
43 31 -6.22261294
44 31 957.014416
45 31 -844.215617
46 31 -4403.3509
47 31 -32726.4906
48 31 -2551.85604
49 31 -574.893033
50 31 -0.269527205
51 31 -68.0476295
52 31 431.276878
53 31 -28678.2135
54 31 -3079.97602
55 31 -491.307843
56 31 -2.00601339
57 31 -58.35474
58 31 376.594744
59 31 -24197.8462
60 31 -2178.39796
1 32 3.75505562
2 32 -155.595504
3 32 -17.1435796
4 32 12796.3117
5 32 80.6141644
6 32 1239.79236
7 32 -9.61341415
8 32 -427.726327
9 32 -25.8333817
10 32 21914.1333
11 32 -405.28812
12 32 701.763522
13 32 -14.7864347
14 32 -524.232066
15 32 -30.6587406
16 32 25316.6623
17 32 -679.05842
18 32 889.654032
19 32 -24.0244384
20 32 -743.221443
21 32 -54.3741865
22 32 33691.1635
23 32 -1195.48497
24 32 1851.35165
25 32 374.433674
26 32 -4699.14064
27 32 -189.84296
28 32 104967.094
29 32 3958.37217
30 32 4873.87916
31 32 -1362.74218
32 32 25065.5085
33 32 1037.17312
34 32 -529399.642
35 32 -9449.3706
36 32 -15960.0275
37 32 93.2839517
38 32 -13695.946
39 32 -312.877937
40 32 172734.806
41 32 -1386.34515
42 32 2793.4803
43 32 970.810155
44 32 -3072.35373
45 32 -332.901232
46 32 49486.4885
47 32 4977.2407
48 32 -1437.30673
49 32 9.69914401
50 32 -577.090659
51 32 -62.8338085
52 32 28904.7868
53 32 71.2677647
54 32 2786.94794
55 32 11.3815572
56 32 -507.811967
57 32 -37.4644563
58 32 24702.552
59 32 285.707113
60 32 2413.31934
1 33 -20.4919621
2 33 -23.7991419
3 33 -6.9216704
4 33 1879.04476
5 33 -1619.32437
6 33 6.51607149
7 33 -0.368702928
8 33 -33.1180737
9 33 -10.8292075
10 33 2236.01486
11 33 -1063.45591
12 33 0.481362762
13 33 0.90844124
14 33 -41.740411
15 33 -14.1377426
16 33 2623.18455
17 33 -1297.07232
18 33 6.27532663
19 33 -30.8793511
20 33 -71.7082623
21 33 -31.6632799
22 33 3969.1481
23 33 -2979.35191
24 33 12.4299394
25 33 -79.0131824
26 33 -218.116221
27 33 -295.394924
28 33 9555.11522
29 33 -5858.61778
30 33 21.7290817
31 33 -222.320389
32 33 1037.17312
33 33 1515.51162
34 33 -45306.4352
35 33 23037.2895
36 33 60.1236139
37 33 839.40374
38 33 -332.713694
39 33 -1232.75366
40 33 13553.2102
41 33 1039.59588
42 33 14.7625746
43 33 -431.709847
44 33 -207.704368
45 33 136.757991
46 33 5289.94769
47 33 -8033.02491
48 33 -111.296984
49 33 -55.5015286
50 33 -49.6716893
51 33 -20.1728228
52 33 2566.10246
53 33 -2354.20785
54 33 -17.8452499
55 33 -43.656988
56 33 -28.3526781
57 33 -14.3253314
58 33 1721.07073
59 33 -1785.774
60 33 -13.2208936
1 34 51.5930461
2 34 9963.65072
3 34 1070.35594
4 34 -854531.192
5 34 16078.6369
6 34 -73417.656
7 34 314.230085
8 34 15581.1738
9 34 1412.21448
10 34 -1097555.96
11 34 29910.362
12 34 -71613.2265
13 34 555.426993
14 34 18848.6205
15 34 1655.81693
16 34 -1247278.43
17 34 46150.7801
18 34 -85523.29
19 34 1067.49256
20 34 26416.6057
21 34 2623.83105
22 34 -1623629.19
23 34 72018.5885
24 34 -121872.666
25 34 -1772.95226
26 34 81329.6606
27 34 7605.44749
28 34 -3370429.37
29 34 39023.639
30 34 -142159.017
31 34 9389.24699
32 34 -529399.642
33 34 -45306.4352
34 34 20943018.4
35 34 -296055.401
36 34 1259745.83
37 34 296.569976
38 34 223703.175
39 34 15579.3486
40 34 -4926210.45
41 34 110247.845
42 34 -291287.976
43 34 -10667.0486
44 34 68531.2853
45 34 8411.86103
46 34 -2478812.23
47 34 5763.84144
48 34 -218502.879
49 34 -232.002678
50 34 34506.7709
51 34 3768.00394
52 34 -1906185.14
53 34 7611.2676
54 34 -147476.404
55 34 -488.042315
56 34 31604.7646
57 34 2705.81325
58 34 -1694420.28
59 34 -9106.23721
60 34 -133263.741
1 35 -9957.76732
2 35 -84.518527
3 35 -958.055128
4 35 18784.6746
5 35 -851928.42
6 35 -83450.5797
7 35 -13821.6268
8 35 -271.403016
9 35 -978.836883
10 35 27952.9784
11 35 -1041359.1
12 35 -100367.468
13 35 -17087.2558
14 35 -287.47651
15 35 -1222.60922
16 35 29024.3952
17 35 -1196773.42
18 35 -109076.588
19 35 -25537.2999
20 35 -952.501395
21 35 -2383.30573
22 35 64844.1253
23 35 -1614299.05
24 35 -148440.768
25 35 -63968.4017
26 35 1776.91614
27 35 -5128.9344
28 35 38130.0346
29 35 -3229401.11
30 35 -371681.683
31 35 412843.249
32 35 -9449.3706
33 35 23037.2895
34 35 -296055.401
35 35 19984695.1
36 35 2154054.9
37 35 -162444.067
38 35 -1167.22741
39 35 9559.12159
40 35 128415.995
41 35 -4730116.04
42 35 -625402.385
43 35 -33744.401
44 35 10255.4504
45 35 -15980.0906
46 35 33237.1752
47 35 -2318084.46
48 35 -247855.231
49 35 -34313.1202
50 35 -369.678001
51 35 -3486.75553
52 35 41014.2625
53 35 -1879151.23
54 35 -199722.337
55 35 -30880.3568
56 35 -361.178996
57 35 -3095.45958
58 35 36891.1874
59 35 -1657105.37
60 35 -163422.409
1 36 -1431.12741
2 36 1229.64549
3 36 -4.4407293
4 36 -95754.7361
5 36 -113259.839
6 36 -31809.004
7 36 -1701.9705
8 36 659.398753
9 36 -6.82998357
10 36 -79622.835
11 36 -124270.396
12 36 -38090.9522
13 36 -2019.76654
14 36 858.796672
15 36 -11.8894471
16 36 -95160.7333
17 36 -138538.527
18 36 -43092.5088
19 36 -2928.31326
20 36 1778.22995
21 36 -20.2789781
22 36 -136638.368
23 36 -183608.758
24 36 -60867.1508
25 36 -7752.50018
26 36 4472.34079
27 36 -21.6970106
28 36 -156166.632
29 36 -410483.991
30 36 -282065.109
31 36 42885.586
32 36 -15960.0275
33 36 60.1236139
34 36 1259745.83
35 36 2154054.9
36 36 1360138.12
37 36 -17615.0318
38 36 3237.74984
39 36 167.582228
40 36 -289430.58
41 36 -563736.345
42 36 -588007.995
43 36 -2576.0171
44 36 -1128.70082
45 36 -164.771195
46 36 -233848.865
47 36 -234114.903
48 36 -143322.152
49 36 -2996.26576
50 36 2883.94002
51 36 23.8111006
52 36 -125200.103
53 36 -163532.394
54 36 -49413.2941
55 36 -2106.85342
56 36 2515.14045
57 36 22.2565496
58 36 -105183.263
59 36 -128388.69
60 36 -41722.2544
1 37 -107.174024
2 37 1.15355078
3 37 -8.54914796
4 37 -0.401733693
5 37 -9951.28565
6 37 -804.006145
7 37 -133.03653
8 37 1.21425984
9 37 -9.97653722
10 37 18.4213923
11 37 -11812.7754
12 37 -956.887925
13 37 -183.06915
14 37 2.93404196
15 37 -15.3660773
16 37 -68.3226424
17 37 -14700.2944
18 37 -1161.66553
19 37 -334.302621
20 37 16.7687177
21 37 -39.988783
22 37 -423.499578
23 37 -22428.0841
24 37 -2110.09174
25 37 -626.747015
26 37 48.7108348
27 37 -117.876728
28 37 -732.548969
29 37 -34367.6598
30 37 -4647.9223
31 37 -7981.93729
32 37 93.2839517
33 37 839.40374
34 37 296.569976
35 37 -162444.067
36 37 -17615.0318
37 37 17256.6002
38 37 -1040.71793
39 37 -1777.12797
40 37 189.207249
41 37 457484.748
42 37 43751.0606
43 37 -5043.70808
44 37 903.082847
45 37 1122.28247
46 37 -199.685888
47 37 -108757.927
48 37 -6999.08313
49 37 -1100.0208
50 37 -2.92215078
51 37 -111.627889
52 37 825.035242
53 37 -46885.0867
54 37 -4250.17011
55 37 -1124.41729
56 37 -61.3648743
57 37 -108.899206
58 37 1522.63662
59 37 -42736.2595
60 37 -3090.28989
1 38 1.083725
2 38 -107.589419
3 38 -8.27676831
4 38 9971.39292
5 38 -6.56563664
6 38 798.286914
7 38 0.534680829
8 38 -133.404651
9 38 -10.4116612
10 38 11833.0326
11 38 -79.3189379
12 38 878.08218
13 38 -0.246233483
14 38 -182.950723
15 38 -14.3598877
16 38 14676.5207
17 38 -186.614977
18 38 1192.76011
19 38 14.1088619
20 38 -353.415382
21 38 -30.0876491
22 38 22972.9977
23 38 241.794711
24 38 2573.84561
25 38 45.9201418
26 38 -684.150297
27 38 -81.970921
28 38 35562.4661
29 38 578.737004
30 38 6224.08423
31 38 45.8196869
32 38 -13695.946
33 38 -332.713694
34 38 223703.175
35 38 -1167.22741
36 38 3237.74984
37 38 -1040.71793
38 38 26380.6921
39 38 761.683433
40 38 -514035.712
41 38 -238.89002
42 38 -13872.8501
43 38 957.421219
44 38 -8042.42393
45 38 -47.6034973
46 38 116908.997
47 38 1248.29199
48 38 -7640.50396
49 38 12.9025762
50 38 -1104.06661
51 38 -75.9458399
52 38 47002.1364
53 38 -160.410845
54 38 4221.11091
55 38 -35.8475899
56 38 -1142.5944
57 38 -40.8987599
58 38 42970.0514
59 38 -527.56184
60 38 4013.02044
1 39 -11.2459333
2 39 -11.4623852
3 39 -3.59170867
4 39 1110.94022
5 39 -1046.18274
6 39 5.81910052
7 39 -12.3767374
8 39 -12.9720975
9 39 -4.28207041
10 39 1216.38754
11 39 -1108.2975
12 39 2.70153877
13 39 -19.3598467
14 39 -19.1649937
15 39 -6.06527863
16 39 1561.57692
17 39 -1526.66765
18 39 9.95461082
19 39 -54.5224105
20 39 -41.8842437
21 39 -17.6677828
22 39 2691.99604
23 39 -3076.26792
24 39 20.7647782
25 39 -151.219228
26 39 -103.812403
27 39 -60.579589
28 39 5381.46181
29 39 -7003.21779
30 39 21.4806776
31 39 1357.98754
32 39 -312.877937
33 39 -1232.75366
34 39 15579.3486
35 39 9559.12159
36 39 167.582228
37 39 -1777.12797
38 39 761.683433
39 39 2639.16697
40 39 -45988.5368
41 39 18371.9769
42 39 49.6827708
43 39 669.120184
44 39 -143.601157
45 39 -833.375437
46 39 11508.4612
47 39 -6220.3073
48 39 -192.452628
49 39 -96.2576779
50 39 -66.1916975
51 39 -38.2578358
52 39 3973.13425
53 39 -4034.3665
54 39 -22.674014
55 39 -83.2559514
56 39 -38.1971381
57 39 -33.4562424
58 39 2924.28627
59 39 -3303.38526
60 39 -15.5764682
1 40 66.8331431
2 40 7599.2829
3 40 632.670262
4 40 -711519.695
5 40 13370.5372
6 40 -53040.5905
7 40 118.98762
8 40 9373.40149
9 40 794.378106
10 40 -841284.259
11 40 19141.5097
12 40 -58275.2377
13 40 226.66494
14 40 11757.7235
15 40 968.652018
16 40 -976762.368
17 40 28880.9858
18 40 -72966.1275
19 40 48.7834705
20 40 18229.3668
21 40 1631.05142
22 40 -1340723.79
23 40 26058.1801
24 40 -113561.079
25 40 24.360149
26 40 29696.0792
27 40 3766.61194
28 40 -1867476.36
29 40 61096.0462
30 40 -236794.14
31 40 1927.15507
32 40 172734.806
33 40 13553.2102
34 40 -4926210.45
35 40 128415.995
36 40 -289430.58
37 40 189.207249
38 40 -514035.712
39 40 -45988.5368
40 40 20941039.6
41 40 -580332.64
42 40 1630363.8
43 40 -3977.95778
44 40 136360.699
45 40 11751.286
46 40 -4502910.18
47 40 201598.549
48 40 -393299.325
49 40 9.82560595
50 40 53674.5644
51 40 4994.30345
52 40 -2748348
53 40 37316.5387
54 40 -212859.004
55 40 817.903922
56 40 54284.2038
57 40 3835.83427
58 40 -2563921.31
59 40 29869.4394
60 40 -206800.452
1 41 -7583.74407
2 41 -62.0336025
3 41 -617.582078
4 41 12858.7568
5 41 -710000.542
6 41 -56922.0431
7 41 -9360.95521
8 41 -71.5937991
9 41 -720.91718
10 41 14836.933
11 41 -839454.58
12 41 -68130.8858
13 41 -11765.8489
14 41 -22.9677793
15 41 -987.423327
16 41 11918.1986
17 41 -977552.965
18 41 -75652.9122
19 41 -17982.8982
20 41 93.8007651
21 41 -1841.1558
22 41 15147.438
23 41 -1334886.09
24 41 -114138.104
25 41 -29173.1301
26 41 91.9163762
27 41 -4734.71037
28 41 53283.0546
29 41 -1872260.74
30 41 -214383.737
31 41 -136736.966
32 41 -1386.34515
33 41 1039.59588
34 41 110247.845
35 41 -4730116.04
36 41 -563736.345
37 41 457484.748
38 41 -238.89002
39 41 18371.9769
40 41 -580332.64
41 41 20953823.1
42 41 2247241.81
43 41 -119305.647
44 41 3122.19165
45 41 -1712.36842
46 41 236546.252
47 41 -4590290.01
48 41 -521437.217
49 41 -53568.7004
50 41 -769.859035
51 41 -5232.93646
52 41 76010.0914
53 41 -2735682.09
54 41 -275818.29
55 41 -53829.2609
56 41 -2075.71697
57 41 -5115.86815
58 41 90537.5548
59 41 -2551018.13
60 41 -240248.325
1 42 -838.757878
2 42 781.741801
3 42 -3.89324347
4 42 -69356.6741
5 42 -78372.6237
6 42 -22398.2876
7 42 -940.773033
8 42 846.172793
9 42 -1.32794706
10 42 -71826.3055
11 42 -84670.7717
12 42 -25145.7537
13 42 -1209.78294
14 42 1165.61628
15 42 -7.57085495
16 42 -90002.2052
17 42 -98862.2937
18 42 -29514.844
19 42 -2179.46746
20 42 2509.87404
21 42 -13.1228152
22 42 -144158.277
23 42 -148962.147
24 42 -49438.2791
25 42 -4613.57972
26 42 6101.45798
27 42 -5.45149625
28 42 -284330.682
29 42 -254447.941
30 42 -115310.376
31 42 -17378.6213
32 42 2793.4803
33 42 14.7625746
34 42 -291287.976
35 42 -625402.385
36 42 -588007.995
37 42 43751.0606
38 42 -13872.8501
39 42 49.6827708
40 42 1630363.8
41 42 2247241.81
42 42 1415084.34
43 42 -7148.01839
44 42 -7326.57504
45 42 -111.04004
46 42 -416776.148
47 42 -508615.515
48 42 -324293.683
49 42 -4104.83826
50 42 4312.47257
51 42 25.0479717
52 42 -191040.331
53 42 -240525.738
54 42 -87021.4428
55 42 -2964.09372
56 42 4138.04129
57 42 29.3765287
58 42 -171211.487
59 42 -200989.064
60 42 -82900.0281
1 43 -100.32406
2 43 1.21249204
3 43 -5.86782733
4 43 -52.5835159
5 43 -9381.59016
6 43 -635.043321
7 43 -126.536061
8 43 1.46380981
9 43 -6.80154019
10 43 -58.1557609
11 43 -11298.6647
12 43 -770.130255
13 43 -180.023418
14 43 4.88271562
15 43 -12.0483281
16 43 -243.588029
17 43 -14391.9153
18 43 -996.448305
19 43 -296.304309
20 43 52.3209264
21 43 -21.0733482
22 43 -1959.29845
23 43 -20794.1255
24 43 -2091.85705
25 43 -400.575658
26 43 47.0521549
27 43 -43.506029
28 43 -1362.57366
29 43 -24935.2769
30 43 -2772.68482
31 43 -6.22261294
32 43 970.810155
33 43 -431.709847
34 43 -10667.0486
35 43 -33744.401
36 43 -2576.0171
37 43 -5043.70808
38 43 957.421219
39 43 669.120184
40 43 -3977.95778
41 43 -119305.647
42 43 -7148.01839
43 43 11596.4071
44 43 -2065.65977
45 43 755.25324
46 43 4630.1351
47 43 405552.377
48 43 33961.7347
49 43 -2921.7674
50 43 158.176933
51 43 -865.5862
52 43 814.964362
53 43 -93818.1667
54 43 -11492.4754
55 43 -1851.23755
56 43 -116.99717
57 43 -243.930809
58 43 2522.59905
59 43 -64073.1279
60 43 -4137.52488
1 44 0.375478739
2 44 -100.507847
3 44 -6.30854031
4 44 9403.95823
5 44 -25.8915442
6 44 562.091778
7 44 -0.147273655
8 44 -126.720888
9 44 -8.06330524
10 44 11329.317
11 44 -85.932532
12 44 617.057873
13 44 0.426607452
14 44 -179.239763
15 44 -11.915292
16 44 14362.2208
17 44 -113.624647
18 44 948.837586
19 44 47.3062617
20 44 -363.523966
21 44 -20.0156683
22 44 23284.1033
23 44 1614.59081
24 44 2593.31388
25 44 41.6278116
26 44 -460.591293
27 44 -37.311443
28 44 26790.1991
29 44 1037.79739
30 44 3275.61085
31 44 957.014416
32 44 -3072.35373
33 44 -207.704368
34 44 68531.2853
35 44 10255.4504
36 44 -1128.70082
37 44 903.082847
38 44 -8042.42393
39 44 -143.601157
40 44 136360.699
41 44 3122.19165
42 44 -7326.57504
43 44 -2065.65977
44 44 18266.1062
45 44 867.189609
46 44 -436119.92
47 44 -4869.90272
48 44 -28542.0676
49 44 174.804985
50 44 -3221.30142
51 44 -349.898994
52 44 93376.5835
53 44 -309.55239
54 44 21696.2539
55 44 -85.8532956
56 44 -1970.75184
57 44 -44.1440161
58 44 65428.3266
59 44 -1475.23924
60 44 7621.43641
1 45 -7.79064628
2 45 -8.95579509
3 45 -2.26645827
4 45 890.701036
5 45 -734.165027
6 45 4.88787219
7 45 -8.44355818
8 45 -10.1745753
9 45 -2.70254025
10 45 979.894753
11 45 -766.232089
12 45 2.9544168
13 45 -15.7001126
14 45 -16.7013793
15 45 -4.46612455
16 45 1345.61434
17 45 -1202.53202
18 45 9.21003576
19 45 -27.1220101
20 45 -28.3549529
21 45 -7.81730399
22 45 2040.0061
23 45 -1794.79715
24 45 26.7878552
25 45 -56.9460234
26 45 -47.6573516
27 45 -20.0285977
28 45 2859.54992
29 45 -2910.43205
30 45 18.6025738
31 45 -844.215617
32 45 -332.901232
33 45 136.757991
34 45 8411.86103
35 45 -15980.0906
36 45 -164.771195
37 45 1122.28247
38 45 -47.6034973
39 45 -833.375437
40 45 11751.286
41 45 -1712.36842
42 45 -111.04004
43 45 755.25324
44 45 867.189609
45 45 1372.13379
46 45 -42479.0882
47 45 50384.8905
48 45 239.767617
49 45 -724.187139
50 45 -288.187422
51 45 -426.174535
52 45 10246.141
53 45 -19012.7402
54 45 -58.5508712
55 45 -186.156638
56 45 -46.3535814
57 45 -68.0397854
58 45 4304.2368
59 45 -5990.16891
60 45 -18.2341174
1 46 57.2432444
2 46 6936.25777
3 46 481.097364
4 46 -655871.825
5 46 9688.50868
6 46 -37469.6238
7 46 100.47017
8 46 8677.19066
9 46 612.787329
10 46 -785494.784
11 46 14207.5874
12 46 -41092.1521
13 46 154.691092
14 46 11060.4988
15 46 767.585277
16 46 -921955.581
17 46 20542.7512
18 46 -55395.0352
19 46 -810.994482
20 46 17491.6568
21 46 1185.10472
22 46 -1286762.06
23 46 -14459.4433
24 46 -98194.6271
25 46 -503.313023
26 46 21688.9668
27 46 1929.47405
28 46 -1477065.56
29 46 7448.68029
30 46 -122025.991
31 46 -4403.3509
32 46 49486.4885
33 46 5289.94769
34 46 -2478812.23
35 46 33237.1752
36 46 -233848.865
37 46 -199.685888
38 46 116908.997
39 46 11508.4612
40 46 -4502910.18
41 46 236546.252
42 46 -416776.148
43 46 4630.1351
44 46 -436119.92
45 46 -42479.0882
46 46 20050177.4
47 46 -530448.309
48 46 1928495.91
49 46 -933.445835
50 46 104984.889
51 46 12937.2125
52 46 -4180795.72
53 46 108584.204
54 46 -597949.141
55 46 2048.99199
56 46 80161.0216
57 46 5205.74201
58 46 -3527120.56
59 46 68329.5759
60 46 -321575.136
1 47 -6906.45296
2 47 0.238567165
3 47 -414.60996
4 47 4229.75105
5 47 -651549.104
6 47 -45613.124
7 47 -8643.11448
8 47 9.25534214
9 47 -480.631414
10 47 4269.63156
11 47 -780077.838
12 47 -55501.9819
13 47 -11054.1766
14 47 119.75494
15 47 -720.167646
16 47 -2359.90321
17 47 -918906.351
18 47 -63117.5606
19 47 -16050.6605
20 47 1060.19663
21 47 -1089.77905
22 47 -33911.0432
23 47 -1228747.88
24 47 -102956.409
25 47 -20539.621
26 47 752.126357
27 47 -1868.73236
28 47 -9946.89272
29 47 -1434010.21
30 47 -136784.399
31 47 -32726.4906
32 47 4977.2407
33 47 -8033.02491
34 47 5763.84144
35 47 -2318084.46
36 47 -234114.903
37 47 -108757.927
38 47 1248.29199
39 47 -6220.3073
40 47 201598.549
41 47 -4590290.01
42 47 -508615.515
43 47 405552.377
44 47 -4869.90272
45 47 50384.8905
46 47 -530448.309
47 47 20101237.2
48 47 2046196.91
49 47 -103466.315
50 47 311.781425
51 47 -24836.885
52 47 134669.98
53 47 -4276449.36
54 47 -480209.883
55 47 -77786.8795
56 47 -3354.67086
57 47 -9148.55716
58 47 126212.465
59 47 -3492275.6
60 47 -328489.127
1 48 -664.158914
2 48 541.132633
3 48 -3.30316848
4 48 -49444.0003
5 48 -64288.6463
6 48 -14920.4078
7 48 -750.704094
8 48 579.162926
9 48 -1.8096666
10 48 -50712.7997
11 48 -70127.8037
12 48 -16846.268
13 48 -1037.99078
14 48 911.597426
15 48 -6.6857559
16 48 -69986.6347
17 48 -85527.9555
18 48 -21208.8383
19 48 -2135.08277
20 48 2513.05248
21 48 -8.00174378
22 48 -134270.766
23 48 -141305.021
24 48 -44066.359
25 48 -2728.06643
26 48 3166.43975
27 48 -0.930444996
28 48 -151817.5
29 48 -166259.058
30 48 -56235.288
31 48 -2551.85604
32 48 -1437.30673
33 48 -111.296984
34 48 -218502.879
35 48 -247855.231
36 48 -143322.152
37 48 -6999.08313
38 48 -7640.50396
39 48 -192.452628
40 48 -393299.325
41 48 -521437.217
42 48 -324293.683
43 48 33961.7347
44 48 -28542.0676
45 48 239.767617
46 48 1928495.91
47 48 2046196.91
48 48 1098518.29
49 48 -11184.0266
50 48 21798.6366
51 48 129.486713
52 48 -521034.303
53 48 -420905.444
54 48 -283796.686
55 48 -3916.65192
56 48 7747.97102
57 48 49.4128037
58 48 -267552.944
59 48 -283934.58
60 48 -121690.083
1 49 -99.5136649
2 49 1.06064144
3 49 -3.95546626
4 49 -75.3455208
5 49 -9345.26959
6 49 -511.927265
7 49 -127.624759
8 49 1.51136159
9 49 -4.53038928
10 49 -104.770172
11 49 -11426.2848
12 49 -637.868407
13 49 -188.220384
14 49 8.78482113
15 49 -9.76856051
16 49 -508.523278
17 49 -14933.4857
18 49 -915.530683
19 49 -290.609194
20 49 12.3318079
21 49 -18.6225783
22 49 -634.539972
23 49 -21060.8497
24 49 -1479.49786
25 49 -354.62035
26 49 10.6122669
27 49 -25.7948797
28 49 -439.397678
29 49 -23948.7118
30 49 -1976.01628
31 49 -574.893033
32 49 9.69914401
33 49 -55.5015286
34 49 -232.002678
35 49 -34313.1202
36 49 -2996.26576
37 49 -1100.0208
38 49 12.9025762
39 49 -96.2576779
40 49 9.82560595
41 49 -53568.7004
42 49 -4104.83826
43 49 -2921.7674
44 49 174.804985
45 49 -724.187139
46 49 -933.445835
47 49 -103466.315
48 49 -11184.0266
49 49 25196.0176
50 49 -1075.75615
51 49 2169.5629
52 49 6589.12737
53 49 663999.03
54 49 20033.9261
55 49 -18423.622
56 49 771.167333
57 49 -1143.90171
58 49 -1761.17094
59 49 -340067.705
60 49 7639.9978
1 50 -0.430798562
2 50 -99.4227898
3 50 -4.94451726
4 50 9358.06887
5 50 -64.8429466
6 50 381.573004
7 50 -0.966475499
8 50 -127.585834
9 50 -6.46555761
10 50 11455.7685
11 50 -117.084288
12 50 417.874079
13 50 3.13098271
14 50 -185.758148
15 50 -10.1295254
16 50 14833.765
17 50 52.6917296
18 50 802.546623
19 50 6.14024947
20 50 -288.454783
21 50 -18.071723
22 50 20994.9127
23 50 178.719212
24 50 1326.1528
25 50 4.20500306
26 50 -353.018074
27 50 -27.4608573
28 50 23971.5553
29 50 3.22183231
30 50 1623.52694
31 50 -0.269527205
32 50 -577.090659
33 50 -49.6716893
34 50 34506.7709
35 50 -369.678001
36 50 2883.94002
37 50 -2.92215078
38 50 -1104.06661
39 50 -66.1916975
40 50 53674.5644
41 50 -769.859035
42 50 4312.47257
43 50 158.176933
44 50 -3221.30142
45 50 -288.187422
46 50 104984.889
47 50 311.781425
48 50 21798.6366
49 50 -1075.75615
50 50 30351.0201
51 50 233.690871
52 50 -717744.556
53 50 -6203.18003
54 50 -80006.9965
55 50 979.630028
56 50 -23397.2761
57 50 632.232394
58 50 374453.522
59 50 4927.64702
60 50 45280.2133
1 51 -5.31972488
2 51 -7.80853481
3 51 -1.35264684
4 51 796.160899
5 51 -507.337469
6 51 5.8416606
7 51 -5.58984387
8 51 -8.98402468
9 51 -1.61545288
10 51 886.6503
11 51 -513.883026
12 51 4.97764132
13 51 -13.500835
14 51 -16.3819768
15 51 -3.4799659
16 51 1302.98472
17 51 -992.220544
18 51 13.1556383
19 51 -26.0255544
20 51 -28.5146998
21 51 -6.80092981
22 51 2065.38052
23 51 -1649.80208
24 51 21.5412393
25 51 -33.3305511
26 51 -37.7364225
27 51 -9.82604949
28 51 2548.49299
29 51 -1952.12363
30 51 19.0393093
31 51 -68.0476295
32 51 -62.8338085
33 51 -20.1728228
34 51 3768.00394
35 51 -3486.75553
36 51 23.8111006
37 51 -111.627889
38 51 -75.9458399
39 51 -38.2578358
40 51 4994.30345
41 51 -5232.93646
42 51 25.0479717
43 51 -865.5862
44 51 -349.898994
45 51 -426.174535
46 51 12937.2125
47 51 -24836.885
48 51 129.486713
49 51 2169.5629
50 51 233.690871
51 51 1985.71279
52 51 -32669.1558
53 51 68143.6863
54 51 -385.947341
55 51 -986.610824
56 51 340.965222
57 51 -1533.40959
58 51 6776.92446
59 51 -30074.8951
60 51 380.338206
1 52 64.597535
2 52 6546.57856
3 52 372.089165
4 52 -623463.262
5 52 8210.31494
6 52 -25339.2169
7 52 102.006468
8 52 8311.3262
9 52 483.201939
10 52 -756762.059
11 52 11809.3663
12 52 -27730.0706
13 52 45.9242147
14 52 10727.4003
15 52 612.956838
16 52 -896049.5
17 52 11670.7416
18 52 -42466.8076
19 52 -11.9737624
20 52 15358.6858
21 52 1005.96166
22 52 -1200309.53
23 52 9414.39311
24 52 -60527.1191
25 52 102.280971
26 52 18778.7404
27 52 1507.33692
28 52 -1377678.41
29 52 18253.4789
30 52 -74759.0336
31 52 431.276878
32 52 28904.7868
33 52 2566.10246
34 52 -1906185.14
35 52 41014.2625
36 52 -125200.103
37 52 825.035242
38 52 47002.1364
39 52 3973.13425
40 52 -2748348
41 52 76010.0914
42 52 -191040.331
43 52 814.964362
44 52 93376.5835
45 52 10246.141
46 52 -4180795.72
47 52 134669.98
48 52 -521034.303
49 52 6589.12737
50 52 -717744.556
51 52 -32669.1558
52 52 25032544.6
53 52 -366248.746
54 52 2204395.76
55 52 -9396.29826
56 52 464064.689
57 52 2175.08124
58 52 -10503684.2
59 52 134193.739
60 52 -1165104.3
1 53 -6506.33408
2 53 33.0961165
3 53 -266.608288
4 53 -1079.71018
5 53 -617068.389
6 53 -36952.9893
7 53 -8258.91331
8 53 58.3632211
9 53 -305.213376
10 53 -2746.85931
11 53 -748427.341
12 53 -45966.5905
13 53 -10732.0228
14 53 283.27983
15 53 -520.311279
16 53 -16019.4972
17 53 -891051.622
18 53 -54173.1462
19 53 -15323.649
20 53 344.915918
21 53 -848.415258
22 53 -16886.4394
23 53 -1190516.73
24 53 -82519.7296
25 53 -18672.3891
26 53 238.009105
27 53 -1170.12713
28 53 -6786.0579
29 53 -1359333.56
30 53 -111362.771
31 53 -28678.2135
32 53 71.2677647
33 53 -2354.20785
34 53 7611.2676
35 53 -1879151.23
36 53 -163532.394
37 53 -46885.0867
38 53 -160.410845
39 53 -4034.3665
40 53 37316.5387
41 53 -2735682.09
42 53 -240525.738
43 53 -93818.1667
44 53 -309.55239
45 53 -19012.7402
46 53 108584.204
47 53 -4276449.36
48 53 -420905.444
49 53 663999.03
50 53 -6203.18003
51 53 68143.6863
52 53 -366248.746
53 53 24772862.5
54 53 1774788.78
55 53 -406134.511
56 53 4716.7515
57 53 -37847.3013
58 53 235934.842
59 53 -10386234.4
60 53 -409134.579
1 54 -570.70048
2 54 356.707055
3 54 -4.02936211
4 54 -33867.7786
5 54 -57291.2528
6 54 -9456.84793
7 54 -656.321434
8 54 374.127932
9 54 -3.53113954
10 54 -34147.4825
11 54 -63619.8752
12 54 -10834.0411
13 54 -1007.082
14 54 756.1097
15 54 -8.62278324
16 54 -56557.7419
17 54 -82690.1183
18 54 -15771.9661
19 54 -1606.78697
20 54 1244.70924
21 54 -14.3974495
22 54 -80540.3769
23 54 -122479.33
24 54 -24524.3288
25 54 -2034.59338
26 54 1518.43112
27 54 -13.7190289
28 54 -91453.4751
29 54 -145980.314
30 54 -31471.1356
31 54 -3079.97602
32 54 2786.94794
33 54 -17.8452499
34 54 -147476.404
35 54 -199722.337
36 54 -49413.2941
37 54 -4250.17011
38 54 4221.11091
39 54 -22.674014
40 54 -212859.004
41 54 -275818.29
42 54 -87021.4428
43 54 -11492.4754
44 54 21696.2539
45 54 -58.5508712
46 54 -597949.141
47 54 -480209.883
48 54 -283796.686
49 54 20033.9261
50 54 -80006.9965
51 54 -385.947341
52 54 2204395.76
53 54 1774788.78
54 54 1470494.12
55 54 6831.82893
56 54 46074.5188
57 54 344.125944
58 54 -1000511.17
59 54 -450704.883
60 54 -847918.548
1 55 -112.303244
2 55 1.88248198
3 55 -4.39859094
4 55 -151.358045
5 55 -10534.4691
6 55 -573.436529
7 55 -144.397637
8 55 2.54831451
9 55 -5.04272238
10 55 -195.426676
11 55 -12908.755
12 55 -714.362021
13 55 -174.08008
14 55 3.88479568
15 55 -7.57639083
16 55 -298.95574
17 55 -14722.9252
18 55 -677.862334
19 55 -238.216728
20 55 2.77056055
21 55 -12.3429159
22 55 -223.988657
23 55 -18916.7529
24 55 -885.673954
25 55 -289.972581
26 55 3.01173203
27 55 -16.7440908
28 55 -203.260589
29 55 -21607.0285
30 55 -1257.94738
31 55 -491.307843
32 55 11.3815572
33 55 -43.656988
34 55 -488.042315
35 55 -30880.3568
36 55 -2106.85342
37 55 -1124.41729
38 55 -35.8475899
39 55 -83.2559514
40 55 817.903922
41 55 -53829.2609
42 55 -2964.09372
43 55 -1851.23755
44 55 -85.8532956
45 55 -186.156638
46 55 2048.99199
47 55 -77786.8795
48 55 -3916.65192
49 55 -18423.622
50 55 979.630028
51 55 -986.610824
52 55 -9396.29826
53 55 -406134.511
54 55 6831.82893
55 55 24241.6425
56 55 -777.218765
57 55 1571.67758
58 55 871.051545
59 55 563736.99
60 55 9296.78067
1 56 -0.898257513
2 56 -112.261569
3 56 -5.48101142
4 56 10547.7312
5 56 -109.708387
6 56 428.584533
7 56 -1.67945485
8 56 -144.425982
9 56 -7.18868401
10 56 12941.9023
11 56 -182.547115
12 56 469.070485
13 56 -3.33713995
14 56 -175.65306
15 56 -6.94241741
16 56 14842.169
17 56 -312.26643
18 56 643.20547
19 56 -4.95931265
20 56 -248.498179
21 56 -9.26770968
22 56 19491.8595
23 56 -391.458743
24 56 949.039199
25 56 -5.22306579
26 56 -299.297206
27 56 -14.2499694
28 56 22117.1243
29 56 -412.726344
30 56 1164.83667
31 56 -2.00601339
32 56 -507.811967
33 56 -28.3526781
34 56 31604.7646
35 56 -361.178996
36 56 2515.14045
37 56 -61.3648743
38 56 -1142.5944
39 56 -38.1971381
40 56 54284.2038
41 56 -2075.71697
42 56 4138.04129
43 56 -116.99717
44 56 -1970.75184
45 56 -46.3535814
46 56 80161.0216
47 56 -3354.67086
48 56 7747.97102
49 56 771.167333
50 56 -23397.2761
51 56 340.965222
52 56 464064.689
53 56 4716.7515
54 56 46074.5188
55 56 -777.218765
56 56 29812.9945
57 56 -398.71373
58 56 -605268.415
59 56 -463.488981
60 56 -65867.9976
1 57 -6.25771558
2 57 -9.17662544
3 57 -1.59209509
4 57 935.176645
5 57 -595.372102
6 57 7.48091896
7 57 -6.56424432
8 57 -10.5731125
9 57 -1.90540448
10 57 1043.05581
11 57 -602.141581
12 57 6.5515548
13 57 -10.3723263
14 57 -11.2635128
15 57 -2.34012862
16 57 1078.71857
17 57 -854.448971
18 57 11.2591837
19 57 -17.698331
20 57 -14.5608379
21 57 -3.73920468
22 57 1383.63281
23 57 -1228.12271
24 57 16.0626141
25 57 -22.2691744
26 57 -19.1328614
27 57 -5.2528752
28 57 1725.84873
29 57 -1442.46034
30 57 14.4509216
31 57 -58.35474
32 57 -37.4644563
33 57 -14.3253314
34 57 2705.81325
35 57 -3095.45958
36 57 22.2565496
37 57 -108.899206
38 57 -40.8987599
39 57 -33.4562424
40 57 3835.83427
41 57 -5115.86815
42 57 29.3765287
43 57 -243.930809
44 57 -44.1440161
45 57 -68.0397854
46 57 5205.74201
47 57 -9148.55716
48 57 49.4128037
49 57 -1143.90171
50 57 632.232394
51 57 -1533.40959
52 57 2175.08124
53 57 -37847.3013
54 57 344.125944
55 57 1571.67758
56 57 -398.71373
57 57 2334.69715
58 57 -22636.898
59 57 53533.9596
60 57 -407.562565
1 58 96.1640964
2 58 6944.64932
3 58 392.093551
4 58 -660843.332
5 58 11247.4122
6 58 -26726.9598
7 58 146.579446
8 58 8830.32492
9 58 510.298381
10 58 -803304.534
11 58 15925.131
12 58 -29228.9137
13 58 241.159994
14 58 10270.933
15 58 501.384332
16 58 -888613.596
17 58 23489.4975
18 58 -36788.4838
19 58 287.639034
20 58 13651.3459
21 58 688.873344
22 58 -1129395.83
23 58 25578.1648
24 58 -46203.6606
25 58 324.977466
26 58 16534.7591
27 58 1031.35461
28 58 -1293386.49
29 58 28886.6862
30 58 -57378.7372
31 58 376.594744
32 58 24702.552
33 58 1721.07073
34 58 -1694420.28
35 58 36891.1874
36 58 -105183.263
37 58 1522.63662
38 58 42970.0514
39 58 2924.28627
40 58 -2563921.31
41 58 90537.5548
42 58 -171211.487
43 58 2522.59905
44 58 65428.3266
45 58 4304.2368
46 58 -3527120.56
47 58 126212.465
48 58 -267552.944
49 58 -1761.17094
50 58 374453.522
51 58 6776.92446
52 58 -10503684.2
53 58 235934.842
54 58 -1000511.17
55 58 871.051545
56 58 -605268.415
57 58 -22636.898
58 58 20777068.1
59 58 -376174.394
60 58 1762284.42
1 59 -6898.31723
2 59 75.0089902
3 59 -279.00957
4 59 -5019.41088
5 59 -653967.228
6 59 -39160.1594
7 59 -8768.892
8 59 110.245369
9 59 -319.685366
10 59 -7371.01757
11 59 -794147.209
12 59 -48694.271
13 59 -10163.4671
14 59 181.054104
15 59 -433.795879
16 59 -13040.2359
17 59 -877185.691
18 59 -46726.4134
19 59 -13295.4493
20 59 143.954412
21 59 -594.818966
22 59 -10430.9825
23 59 -1102650.23
24 59 -63149.4358
25 59 -16173.6347
26 59 135.152978
27 59 -806.654444
28 59 -7317.97739
29 59 -1263134.88
30 59 -87874.927
31 59 -24197.8462
32 59 285.707113
33 59 -1785.774
34 59 -9106.23721
35 59 -1657105.37
36 59 -128388.69
37 59 -42736.2595
38 59 -527.56184
39 59 -3303.38526
40 59 29869.4394
41 59 -2551018.13
42 59 -200989.064
43 59 -64073.1279
44 59 -1475.23924
45 59 -5990.16891
46 59 68329.5759
47 59 -3492275.6
48 59 -283934.58
49 59 -340067.705
50 59 4927.64702
51 59 -30074.8951
52 59 134193.739
53 59 -10386234.4
54 59 -450704.883
55 59 563736.99
56 59 -463.488981
57 59 53533.9596
58 59 -376174.394
59 59 20712966.3
60 59 1579924.56
1 60 -639.739509
2 60 398.756748
3 60 -4.8206679
4 60 -37799.5961
5 60 -64216.2031
6 60 -10603.6558
7 60 -735.516122
8 60 417.105273
9 60 -4.32349128
10 60 -38012.1164
11 60 -71290.8179
12 60 -12147.3428
13 60 -775.168884
14 60 590.748378
15 60 -7.5366409
16 60 -49244.3176
17 60 -73191.3605
18 60 -13359.937
19 60 -1011.30113
20 60 864.315189
21 60 -9.88041857
22 60 -61989.3982
23 60 -95039.5673
24 60 -18183.7062
25 60 -1321.67176
26 60 1060.00662
27 60 -9.47575185
28 60 -71430.2073
29 60 -117070.917
30 60 -23798.0623
31 60 -2178.39796
32 60 2413.31934
33 60 -13.2208936
34 60 -133263.741
35 60 -163422.409
36 60 -41722.2544
37 60 -3090.28989
38 60 4013.02044
39 60 -15.5764682
40 60 -206800.452
41 60 -240248.325
42 60 -82900.0281
43 60 -4137.52488
44 60 7621.43641
45 60 -18.2341174
46 60 -321575.136
47 60 -328489.127
48 60 -121690.083
49 60 7639.9978
50 60 45280.2133
51 60 380.338206
52 60 -1165104.3
53 60 -409134.579
54 60 -847918.548
55 60 9296.78067
56 60 -65867.9976
57 60 -407.562565
58 60 1762284.42
59 60 1579924.56
60 60 1295972.25
